1 205 851
2 700 655
3 775 985
4 154 258
5 94 564
6 182 297
7 655 16
8 324 607
9 278 267
10 395 735
11 742 882
12 544 155
13 80 263
14 146 402
15 171 818
16 71 799
17 627 6
18 887 664
19 989 174
20 136 84
21 753 847
22 9 624
23 113 559
24 204 244
25 538 878
26 309 273
27 608 164
28 800 894
29 94 804
30 474 252
31 598 239
32 430 966
33 302 276
34 435 565
35 436 766
36 900 659
37 484 798
38 888 630
39 575 899
40 963 264
41 630 344
42 461 484
43 695 365
44 689 539
45 271 984
46 497 256
47 1 485
48 608 33
49 126 235
50 416 104
51 773 914
52 878 344
53 861 650
54 618 107
55 625 477
56 707 635
57 3 511
58 106 864
59 940 333
60 485 394
61 122 925
62 584 808
63 859 612
64 775 528
65 98 469
66 199 527
67 984 232
68 717 619
69 868 642
70 63 583
71 870 892
72 58 751
73 280 238
74 796 645
75 534 381
76 979 883
77 336 58
78 165 34
79 677 301
80 474 634
81 699 874
82 286 819
83 4 731
84 51 84
85 130 94
86 223 322
87 711 208
88 90 819
89 726 458
90 683 99
91 998 283
92 107 782
93 472 591
94 506 103
95 215 927
96 304 889
97 208 424
98 479 236
99 330 880
100 655 995
101 143 406
102 394 91
103 35 114
104 90 934
105 709 653
106 751 161
107 804 906
108 557 522
109 499 813
110 933 383
111 256 562
112 475 179
113 386 105
114 944 466
115 17 545
116 361 655
117 346 755
118 472 627
119 523 529
120 25 313
121 540 614
122 816 576
123 983 647
124 465 121
125 25 787
126 680 745
127 145 671
128 250 49
129 328 749
130 683 4
131 306 821
132 145 25
133 52 860
134 953 170
135 646 533
136 385 292
137 172 678
138 62 288
139 359 764
140 183 945
141 601 425
142 969 567
143 945 948
144 805 627
145 307 730
146 991 780
147 300 661
148 200 953
149 980 522
150 629 232
151 365 366
152 801 791
153 196 259
154 201 513
155 245 976
156 511 19
157 116 647
158 698 191
159 281 716
160 764 929
161 771 970
162 67 528
163 56 15
164 468 871
165 723 83
166 661 525
167 432 733
168 657 921
169 381 783
170 82 202
171 745 395
172 234 487
173 633 222
174 58 234
175 800 524
176 735 554
177 271 932
178 641 649
179 957 997
180 38 563
181 585 201
182 39 32
183 622 729
184 785 76
185 830 522
186 383 277
187 218 366
188 582 308
189 857 462
190 73 280
191 639 318
192 310 759
193 767 161
194 40 119
195 876 111
196 518 236
197 437 76
198 357 706
199 736 683
200 1 70
201 360 290
202 82 928
203 585 392
204 236 100
205 667 685
206 599 649
207 493 505
208 993 152
209 397 512
210 192 577
