a280
Best fitness: 0.000386427
Best Path: 2587.81
Best Chromosome: 39, 38, 37, 36, 35, 34, 33, 32, 31, 30, 29, 28, 27, 26, 22, 25, 23, 24, 14, 13, 15, 12, 11, 10, 8, 9, 7, 6, 5, 4, 277, 276, 275, 274, 273, 272, 271, 16, 17, 18, 19, 20, 21, 130, 131, 132, 133, 134, 270, 269, 135, 136, 268, 267, 137, 138, 266, 265, 264, 263, 262, 261, 260, 259, 258, 257, 254, 255, 256, 249, 248, 278, 279, 3, 280, 1, 2, 242, 243, 241, 240, 239, 238, 237, 236, 235, 234, 233, 232, 231, 246, 245, 244, 247, 250, 251, 230, 229, 228, 227, 226, 225, 224, 223, 222, 221, 220, 219, 218, 217, 216, 215, 214, 213, 212, 211, 210, 209, 252, 253, 208, 207, 206, 205, 204, 203, 202, 200, 144, 143, 142, 141, 140, 139, 149, 148, 147, 146, 145, 199, 198, 201, 196, 195, 194, 197, 193, 192, 191, 190, 189, 188, 187, 186, 185, 184, 183, 182, 181, 176, 180, 179, 150, 178, 177, 151, 152, 156, 153, 155, 154, 129, 128, 127, 126, 125, 124, 123, 122, 121, 120, 119, 157, 158, 159, 160, 175, 161, 162, 163, 164, 165, 166, 167, 168, 169, 170, 171, 172, 173, 174, 107, 106, 105, 104, 103, 102, 101, 100, 99, 98, 97, 96, 95, 94, 93, 92, 91, 90, 89, 109, 108, 110, 111, 114, 113, 112, 88, 87, 84, 83, 82, 81, 80, 79, 78, 77, 75, 76, 74, 73, 72, 71, 70, 67, 69, 68, 58, 57, 56, 55, 54, 53, 52, 51, 50, 49, 48, 47, 46, 45, 44, 59, 62, 63, 64, 66, 65, 85, 86, 116, 115, 117, 118, 61, 60, 43, 42, 41, 40, 39
GeneticAlgorithm genetic(20000, size, 4, 60, 89, 10, matrix);

eli51
Best fitness: 0.0023317
Best Path: 428.872
Best Chromosome: 28, 3, 36, 35, 20, 29, 2, 16, 50, 21, 34, 30, 9, 49, 10, 39, 33, 45, 15, 44, 42, 19, 40, 41, 13, 25, 14, 24, 43, 7, 23, 48, 6, 27, 51, 46, 12, 47, 18, 4, 17, 37, 5, 38, 11, 32, 1, 22, 8, 26, 31, 28
GeneticAlgorithm genetic(10000, size, 4, 10, 89, 13, matrix);

kroA200
Best fitness: 3.4049e-05
Best Path: 29369.4
Best Chromosome: 25, 90, 34, 58, 141, 171, 200, 98, 114, 88, 148, 28, 39, 38, 71, 130, 72, 83, 62, 185, 168, 50, 139, 86, 196, 56, 152, 178, 5, 105, 43, 137, 133, 176, 113, 195, 182, 94, 95, 91, 150, 173, 23, 144, 70, 76, 102, 164, 140, 21, 154, 89, 41, 59, 3, 73, 189, 131, 180, 142, 69, 108, 14, 192, 60, 101, 4, 163, 93, 106, 149, 190, 49, 18, 110, 29, 184, 37, 179, 153, 66, 119, 19, 99, 92, 10, 175, 36, 57, 74, 100, 156, 33, 45, 197, 81, 97, 104, 165, 166, 96, 126, 87, 52, 11, 84, 48, 170, 122, 116, 188, 44, 63, 194, 51, 16, 118, 124, 138, 9, 78, 82, 7, 199, 26, 61, 136, 32, 24, 159, 174, 121, 172, 46, 12, 147, 40, 132, 111, 117, 115, 53, 1, 85, 145, 191, 27, 198, 123, 15, 13, 79, 160, 162, 64, 20, 55, 42, 135, 186, 127, 112, 120, 47, 31, 67, 177, 65, 80, 77, 158, 193, 128, 167, 30, 68, 169, 35, 2, 181, 125, 161, 151, 187, 157, 107, 109, 6, 54, 75, 183, 155, 8, 22, 134, 129, 146, 103, 143, 17, 25
GeneticAlgorithm genetic(20000, size, 4, 70, 84, 10, matrix);

kroB150
Best fitness: 3.82735e-05
Best Path: 26127.7
Best Chromosome: 117, 24, 137, 125, 46, 142, 29, 18, 49, 12, 40, 53, 1, 85, 27, 15, 13, 79, 110, 20, 64, 42, 55, 67, 47, 31, 147, 65, 130, 107, 115, 77, 80, 104, 149, 6, 54, 134, 75, 22, 112, 8, 106, 17, 25, 90, 34, 58, 88, 148, 98, 109, 145, 114, 108, 113, 138, 62, 83, 126, 72, 124, 71, 38, 39, 28, 101, 56, 119, 5, 43, 86, 133, 50, 95, 91, 123, 94, 129, 131, 139, 121, 76, 111, 70, 102, 23, 35, 2, 68, 30, 21, 122, 89, 41, 59, 118, 73, 3, 69, 140, 60, 116, 4, 143, 93, 105, 19, 92, 10, 99, 141, 14, 36, 57, 74, 100, 33, 45, 81, 136, 97, 144, 96, 87, 150, 52, 11, 84, 128, 103, 48, 66, 44, 63, 51, 127, 146, 135, 16, 120, 37, 9, 78, 82, 7, 26, 61, 132, 32, 117
GeneticAlgorithm genetic(20000, size, 4, 70, 84, 10, matrix);

kroD100
Best fitness: 4.6961e-05
Best Path: 21294.3
Best Chromosome: 72, 80, 76, 61, 74, 7, 75, 67, 36, 29, 58, 22, 70, 49, 98, 97, 32, 94, 17, 90, 11, 89, 42, 23, 46, 52, 8, 66, 38, 81, 34, 50, 1, 13, 79, 88, 27, 24, 41, 84, 69, 15, 73, 39, 71, 4, 93, 44, 60, 53, 5, 62, 37, 19, 51, 35, 30, 100, 2, 48, 92, 55, 87, 26, 95, 56, 28, 12, 47, 21, 10, 9, 20, 25, 82, 18, 6, 40, 83, 3, 59, 85, 64, 43, 77, 91, 54, 63, 16, 96, 86, 65, 14, 68, 33, 45, 99, 78, 31, 57, 72
GeneticAlgorithm genetic(15000, size, 4, 45, 85, 10, matrix);

lin318
Best fitness: 2.37724e-05
Best Path: 42065.6
Best Chromosome: 28, 33, 32, 31, 30, 29, 22, 21, 103, 15, 11, 10, 7, 6, 2, 1, 3, 8, 9, 5, 4, 106, 107, 111, 112, 115, 116, 13, 14, 120, 117, 108, 113, 114, 110, 109, 211, 212, 216, 217, 220, 221, 118, 119, 225, 222, 213, 218, 219, 215, 214, 223, 224, 244, 245, 248, 249, 318, 270, 271, 275, 276, 297, 298, 304, 305, 310, 309, 308, 300, 299, 303, 301, 302, 306, 307, 311, 312, 205, 200, 199, 193, 192, 295, 293, 292, 288, 294, 296, 289, 287, 282, 283, 286, 290, 291, 285, 284, 279, 280, 273, 272, 274, 277, 278, 281, 170, 171, 166, 165, 269, 315, 266, 265, 260, 258, 255, 259, 250, 314, 254, 257, 261, 264, 267, 268, 263, 262, 256, 253, 251, 252, 247, 246, 236, 235, 228, 227, 226, 229, 234, 237, 243, 238, 233, 230, 313, 231, 232, 239, 240, 241, 242, 139, 140, 143, 144, 147, 146, 148, 151, 157, 158, 163, 162, 159, 156, 152, 149, 209, 141, 142, 131, 130, 123, 122, 121, 124, 129, 132, 138, 133, 128, 125, 208, 126, 127, 134, 135, 136, 137, 34, 35, 39, 38, 145, 154, 150, 153, 155, 160, 161, 210, 164, 60, 61, 66, 65, 172, 173, 176, 183, 187, 188, 190, 189, 184, 182, 177, 169, 167, 168, 175, 174, 179, 180, 186, 178, 181, 185, 191, 194, 195, 204, 203, 198, 201, 202, 206, 207, 100, 95, 94, 197, 196, 87, 88, 90, 89, 99, 98, 93, 102, 101, 97, 96, 92, 91, 85, 84, 83, 82, 78, 71, 68, 67, 64, 72, 77, 79, 86, 80, 76, 73, 81, 75, 74, 69, 70, 63, 62, 58, 53, 52, 46, 43, 42, 41, 44, 47, 51, 54, 57, 105, 59, 56, 55, 50, 48, 45, 49, 317, 316, 40, 104, 36, 37, 26, 25, 18, 17, 16, 27, 24, 19, 12, 20, 23, 28
GeneticAlgorithm genetic(20000, size, 4, 65, 89, 11, matrix);

pr299
Best fitness: 2.07295e-05
Best Path: 48240.4
Best Chromosome: 28, 27, 26, 25, 24, 23, 21, 18, 17, 15, 16, 19, 20, 22, 79, 81, 82, 80, 75, 77, 78, 76, 102, 101, 100, 99, 84, 83, 98, 95, 87, 85, 86, 94, 96, 97, 139, 140, 161, 160, 159, 158, 157, 143, 142, 141, 89, 91, 90, 88, 14, 13, 12, 11, 10, 9, 8, 7, 5, 6, 2, 3, 4, 1, 92, 93, 144, 146, 145, 148, 147, 149, 150, 151, 152, 153, 154, 155, 156, 214, 215, 298, 296, 297, 294, 295, 293, 292, 290, 291, 289, 288, 287, 217, 216, 218, 213, 212, 222, 209, 211, 210, 208, 207, 204, 205, 206, 299, 227, 225, 226, 223, 224, 220, 221, 219, 286, 285, 284, 280, 283, 282, 281, 278, 279, 275, 276, 277, 232, 233, 230, 231, 229, 203, 228, 200, 199, 202, 164, 163, 162, 138, 136, 135, 137, 134, 133, 103, 132, 129, 104, 130, 131, 165, 166, 201, 168, 167, 197, 198, 234, 235, 274, 273, 272, 238, 236, 237, 241, 240, 239, 271, 269, 270, 243, 242, 196, 194, 195, 170, 169, 191, 192, 193, 247, 246, 245, 244, 249, 251, 250, 248, 268, 267, 265, 266, 263, 264, 262, 259, 258, 257, 184, 183, 182, 181, 180, 185, 186, 256, 254, 260, 261, 255, 252, 253, 188, 190, 173, 171, 179, 189, 187, 178, 176, 175, 177, 172, 174, 128, 109, 108, 106, 110, 61, 59, 60, 39, 57, 58, 112, 111, 113, 123, 127, 126, 124, 125, 121, 122, 118, 120, 119, 117, 115, 114, 116, 55, 56, 54, 53, 52, 51, 50, 49, 48, 47, 44, 46, 45, 41, 43, 40, 42, 37, 38, 36, 35, 32, 31, 30, 34, 33, 66, 63, 62, 107, 65, 64, 105, 68, 67, 70, 69, 71, 74, 73, 72, 29, 28
GeneticAlgorithm genetic(20000, size, 4, 65, 86, 11, matrix);

rat195
Best fitness: 0.000426614
Best Path: 2344.04
Best Chromosome: 164, 163, 162, 161, 160, 159, 172, 173, 174, 175, 176, 177, 178, 179, 180, 181, 182, 195, 194, 193, 192, 191, 190, 189, 188, 187, 186, 185, 184, 183, 171, 170, 157, 158, 146, 145, 144, 131, 132, 133, 120, 119, 118, 106, 105, 92, 93, 94, 107, 95, 96, 97, 98, 99, 100, 101, 102, 87, 86, 88, 89, 76, 75, 74, 73, 72, 85, 84, 83, 82, 81, 80, 79, 66, 67, 68, 69, 70, 71, 58, 57, 56, 55, 54, 53, 40, 41, 42, 43, 44, 45, 33, 32, 31, 30, 29, 18, 17, 16, 15, 28, 27, 14, 1, 2, 3, 4, 5, 6, 19, 20, 7, 8, 9, 10, 11, 12, 13, 26, 25, 24, 23, 22, 21, 34, 35, 36, 37, 38, 39, 52, 51, 50, 49, 48, 47, 46, 59, 60, 61, 62, 63, 64, 65, 78, 77, 90, 91, 104, 103, 117, 116, 115, 114, 113, 112, 111, 110, 109, 108, 121, 122, 123, 124, 125, 126, 127, 128, 129, 130, 143, 142, 141, 140, 139, 138, 137, 136, 135, 134, 147, 148, 149, 150, 151, 152, 153, 154, 155, 156, 169, 168, 167, 166, 165, 164
GeneticAlgorithm genetic(20000, size, 4, 60, 88, 11, matrix);

st70
Best fitness: 0.00147687
Best Path: 677.11
Best Chromosome: 51, 50, 58, 37, 47, 16, 1, 36, 23, 13, 29, 70, 35, 69, 31, 38, 59, 22, 66, 63, 57, 15, 24, 19, 7, 2, 4, 18, 42, 32, 3, 8, 26, 55, 49, 28, 14, 20, 30, 44, 68, 27, 46, 45, 25, 39, 61, 40, 9, 17, 43, 41, 6, 53, 5, 10, 52, 60, 12, 21, 34, 33, 62, 54, 48, 67, 11, 64, 65, 56, 51
GeneticAlgorithm genetic(10000, size, 4, 10, 89, 10, matrix);

pr439
Best fitness: 9.28965e-06
Best Path: 107647
Best Chromosome: 414, 421, 420, 419, 415, 416, 431, 429, 428, 418, 417, 405, 404, 402, 400, 401, 388, 387, 386, 385, 378, 369, 368, 367, 366, 365, 364, 363, 362, 361, 370, 360, 339, 338, 337, 336, 335, 334, 333, 300, 299, 298, 297, 296, 295, 294, 279, 278, 277, 276, 275, 274, 273, 301, 272, 271, 270, 269, 268, 267, 266, 265, 264, 263, 262, 261, 260, 259, 258, 257, 256, 314, 313, 312, 311, 310, 309, 308, 307, 306, 305, 304, 302, 303, 330, 332, 331, 329, 328, 327, 326, 325, 324, 323, 322, 321, 320, 319, 318, 317, 315, 316, 254, 255, 252, 249, 248, 247, 246, 245, 244, 243, 242, 241, 240, 239, 238, 237, 236, 235, 234, 233, 224, 223, 222, 221, 220, 219, 218, 217, 216, 215, 214, 213, 212, 211, 210, 250, 251, 253, 209, 208, 207, 206, 205, 203, 202, 201, 200, 199, 198, 197, 196, 195, 194, 193, 192, 183, 182, 181, 180, 179, 178, 177, 176, 175, 204, 174, 173, 172, 171, 170, 168, 169, 166, 164, 165, 167, 133, 132, 131, 130, 128, 129, 127, 126, 124, 123, 125, 99, 98, 97, 96, 95, 100, 94, 93, 92, 102, 103, 115, 117, 120, 101, 122, 121, 119, 118, 116, 114, 113, 143, 152, 142, 141, 140, 139, 138, 137, 136, 135, 134, 163, 162, 161, 160, 159, 158, 157, 156, 155, 154, 153, 151, 150, 184, 191, 190, 185, 145, 148, 147, 144, 146, 112, 111, 110, 109, 108, 107, 106, 105, 104, 91, 90, 89, 88, 72, 71, 70, 69, 68, 18, 19, 20, 67, 66, 65, 22, 21, 24, 23, 25, 64, 74, 73, 63, 26, 27, 28, 29, 30, 31, 32, 62, 75, 76, 61, 60, 59, 77, 87, 86, 78, 58, 57, 37, 36, 35, 34, 33, 17, 16, 15, 14, 13, 12, 11, 10, 9, 8, 7, 6, 5, 4, 1, 3, 2, 52, 51, 50, 48, 47, 49, 46, 45, 43, 41, 40, 44, 42, 39, 38, 79, 80, 81, 82, 56, 55, 54, 53, 83, 84, 85, 149, 186, 226, 227, 229, 228, 283, 284, 344, 439, 435, 436, 437, 438, 434, 403, 408, 409, 411, 410, 425, 426, 424, 427, 430, 433, 432, 422, 423, 412, 413, 407, 406, 399, 392, 391, 398, 396, 397, 393, 395, 394, 384, 382, 383, 372, 371, 373, 381, 375, 374, 341, 342, 343, 282, 281, 230, 187, 188, 189, 225, 231, 232, 280, 285, 286, 287, 340, 288, 289, 290, 291, 292, 293, 359, 358, 356, 357, 355, 354, 353, 351, 352, 350, 349, 347, 345, 346, 348, 377, 376, 380, 379, 389, 390, 41
GeneticAlgorithm genetic(15000, size, 4, 70, 89, 10, matrix);

tsp500
Best fitness: 1.15937e-05
Best Path: 86254.1
Best Chromosome: 158, 58, 418, 171, 476, 375, 224, 383, 122, 374, 308, 26, 234, 212, 137, 17, 100, 489, 399, 477, 206, 303, 305, 68, 102, 168, 176, 441, 152, 351, 93, 65, 306, 222, 460, 404, 23, 106, 378, 243, 436, 440, 392, 498, 258, 21, 288, 24, 450, 490, 267, 277, 406, 495, 455, 81, 36, 407, 370, 369, 391, 486, 453, 34, 191, 491, 178, 231, 426, 130, 230, 254, 416, 95, 275, 113, 409, 337, 44, 229, 74, 433, 445, 271, 420, 89, 27, 365, 207, 311, 185, 109, 372, 251, 125, 18, 299, 268, 92, 201, 144, 248, 300, 335, 60, 471, 329, 83, 468, 439, 42, 348, 253, 497, 110, 28, 46, 480, 341, 71, 66, 154, 318, 483, 463, 70, 50, 373, 156, 405, 112, 479, 33, 108, 401, 475, 12, 397, 257, 56, 360, 442, 8, 73, 252, 393, 216, 160, 317, 461, 240, 343, 76, 424, 209, 235, 164, 196, 128, 278, 412, 368, 487, 198, 304, 107, 115, 104, 37, 427, 180, 141, 276, 103, 292, 232, 246, 314, 272, 270, 54, 80, 194, 473, 435, 9, 255, 204, 184, 269, 146, 59, 78, 290, 411, 16, 398, 29, 345, 72, 161, 20, 358, 431, 331, 13, 105, 467, 496, 239, 136, 193, 413, 124, 353, 43, 336, 295, 349, 197, 443, 388, 225, 88, 312, 223, 323, 355, 366, 114, 163, 414, 429, 438, 377, 451, 97, 280, 320, 334, 61, 437, 481, 63, 244, 466, 381, 116, 199, 260, 464, 263, 69, 214, 396, 131, 221, 30, 135, 457, 155, 101, 64, 31, 213, 417, 359, 472, 421, 32, 5, 173, 362, 302, 159, 293, 462, 14, 140, 448, 297, 172, 339, 309, 67, 134, 227, 352, 19, 281, 217, 279, 91, 75, 342, 273, 242, 307, 266, 330, 256, 99, 499, 189, 356, 181, 286, 321, 316, 338, 85, 319, 402, 151, 259, 127, 449, 220, 22, 361, 111, 294, 385, 237, 347, 423, 145, 428, 474, 488, 1, 459, 53, 126, 282, 3, 325, 11, 434, 493, 287, 147, 79, 48, 408, 410, 133, 364, 55, 340, 149, 49, 382, 350, 139, 218, 249, 245, 190, 422, 327, 117, 264, 444, 183, 165, 285, 415, 77, 289, 84, 169, 371, 47, 333, 313, 6, 167, 283, 35, 301, 62, 389, 446, 228, 132, 186, 94, 357, 367, 447, 4, 376, 211, 219, 148, 87, 332, 195, 284, 425, 45, 432, 452, 121, 386, 419, 354, 188, 205, 384, 322, 291, 41, 177, 162, 494, 203, 344, 456, 39, 310, 40, 119, 298, 25, 387, 129, 123, 86, 261, 395, 192, 179, 265, 15, 57, 236, 326, 175, 200, 142, 262, 118, 157, 182, 469, 90, 82, 430, 500, 250, 484, 153, 233, 363, 328, 226, 187, 485, 215, 478, 324, 52, 238, 346, 38, 210, 403, 400, 482, 394, 470, 379, 2, 120, 380, 274, 247, 390, 98, 170, 96, 492, 241, 296, 143, 208, 166, 458, 10, 202, 51, 454, 138, 150, 315, 174, 7, 465, 158
GeneticAlgorithm genetic(27000, size, 4, 65, 89, 9, matrix);

tsp1000
GeneticAlgorithm genetic(10000, size, 4, 200, 99, 10, matrix);
Best fitness: 3.40378e-05
Best Path: 29379.1
Best Chromosome: 21, 535, 871, 454, 904, 103, 914, 435, 794, 965, 5, 477, 768, 80, 592, 765, 862, 52, 182, 270, 697, 956, 601, 864, 17, 882, 556, 466, 184, 866, 189, 296, 848, 979, 56, 387, 62, 58, 198, 144, 213, 863, 847, 66, 390, 511, 487, 830, 468, 813, 2, 545, 872, 248, 239, 495, 361, 767, 663, 742, 35, 51, 806, 257, 114, 832, 994, 952, 631, 842, 78, 936, 392, 293, 553, 763, 398, 605, 485, 100, 195, 966, 6, 13, 287, 295, 860, 59, 79, 668, 486, 880, 362, 853, 235, 464, 825, 769, 84, 90, 606, 256, 761, 201, 93, 585, 815, 326, 275, 909, 433, 973, 259, 457, 289, 267, 16, 674, 619, 322, 263, 655, 560, 903, 557, 589, 840, 616, 931, 968, 513, 18, 793, 385, 439, 747, 776, 76, 167, 766, 137, 461, 923, 634, 558, 521, 336, 930, 40, 274, 940, 980, 479, 667, 179, 798, 409, 88, 905, 7, 886, 671, 242, 472, 355, 982, 206, 664, 861, 165, 217, 194, 171, 920, 696, 645, 810, 164, 803, 878, 665, 83, 563, 471, 741, 129, 693, 456, 101, 499, 141, 835, 593, 774, 484, 312, 414, 895, 49, 159, 490, 801, 230, 91, 894, 865, 588, 989, 47, 32, 356, 843, 223, 554, 711, 350, 291, 942, 71, 586, 283, 108, 687, 481, 333, 971, 24, 458, 818, 136, 730, 116, 738, 347, 421, 791, 522, 234, 578, 9, 45, 110, 473, 918, 808, 86, 620, 507, 145, 73, 92, 130, 658, 503, 127, 962, 400, 302, 688, 197, 173, 176, 759, 686, 318, 958, 199, 432, 978, 449, 529, 65, 476, 916, 272, 887, 262, 917, 172, 315, 538, 850, 273, 700, 401, 243, 906, 39, 698, 64, 733, 837, 897, 544, 760, 561, 407, 142, 828, 245, 120, 170, 647, 515, 214, 703, 653, 819, 447, 714, 244, 642, 61, 381, 307, 29, 314, 224, 961, 921, 153, 111, 836, 330, 997, 338, 20, 657, 635, 893, 564, 117, 912, 384, 576, 488, 183, 945, 364, 636, 690, 660, 809, 260, 721, 708, 736, 465, 512, 796, 883, 15, 380, 604, 656, 121, 413, 63, 123, 48, 734, 133, 386, 249, 874, 972, 202, 517, 175, 218, 493, 682, 804, 95, 119, 207, 983, 684, 546, 253, 569, 614, 571, 518, 94, 811, 258, 597, 431, 908, 999, 459, 998, 89, 519, 406, 986, 710, 408, 598, 196, 382, 25, 462, 156, 370, 38, 996, 216, 712, 226, 36, 624, 185, 337, 644, 375, 282, 294, 981, 149, 502, 876, 792, 343, 701, 87, 155, 754, 580, 669, 951, 724, 105, 618, 233, 506, 737, 82, 313, 807, 934, 938, 820, 528, 577, 963, 826, 450, 948, 901, 118, 221, 352, 964, 666, 77, 97, 204, 225, 389, 482, 652, 342, 480, 22, 246, 627, 525, 320, 467, 932, 50, 501, 822, 800, 782, 265, 428, 602, 641, 969, 219, 98, 719, 151, 829, 919, 910, 844, 854, 977, 115, 885, 562, 215, 639, 536, 924, 875, 985, 280, 728, 957, 135, 85, 922, 834, 787, 541, 567, 396, 437, 613, 99, 422, 823, 304, 745, 699, 425, 340, 632, 317, 222, 915, 369, 436, 707, 200, 531, 540, 397, 139, 284, 582, 780, 524, 812, 603, 10, 4, 54, 177, 146, 241, 186, 802, 33, 81, 778, 750, 670, 72, 138, 187, 509, 869, 581, 377, 816, 440, 395, 879, 442, 672, 55, 205, 523, 341, 344, 27, 856, 475, 615, 790, 37, 987, 168, 345, 748, 716, 353, 729, 402, 419, 160, 147, 579, 573, 583, 898, 8, 96, 732, 661, 104, 415, 838, 785, 134, 469, 852, 928, 570, 947, 543, 764, 441, 974, 758, 474, 34, 497, 510, 416, 873, 773, 166, 498, 539, 489, 279, 60, 552, 181, 348, 775, 346, 727, 227, 572, 935, 735, 526, 286, 325, 190, 504, 323, 211, 868, 163, 403, 831, 327, 30, 180, 188, 448, 126, 555, 851, 429, 305, 795, 944, 594, 43, 470, 902, 621, 890, 231, 494, 26, 254, 351, 31, 720, 609, 46, 537, 412, 695, 891, 857, 12, 889, 888, 630, 299, 366, 394, 976, 783, 28, 706, 154, 404, 300, 178, 755, 329, 438, 988, 762, 950, 376, 23, 559, 252, 203, 740, 591, 685, 946, 360, 731, 373, 824, 777, 648, 959, 460, 152, 161, 608, 683, 310, 786, 131, 846, 210, 954, 725, 42, 1, 229, 19, 877, 372, 814, 363, 339, 772, 757, 268, 67, 911, 455, 434, 143, 651, 970, 335, 821, 530, 496, 113, 74, 650, 319, 704, 367, 858, 953, 463, 726, 625, 251, 451, 677, 548, 324, 527, 599, 899, 607, 278, 692, 933, 349, 238, 311, 547, 292, 514, 288, 845, 240, 595, 715, 892, 478, 426, 232, 106, 140, 70, 301, 444, 533, 388, 967, 132, 770, 14, 884, 358, 271, 566, 69, 587, 68, 771, 505, 122, 191, 654, 913, 281, 128, 3, 643, 797, 368, 112, 174, 638, 633, 237, 520, 975, 228, 44, 612, 508, 124, 907, 374, 516, 839, 995, 418, 532, 220, 379, 75, 927, 662, 746, 285, 788, 611, 443, 549, 565, 41, 990, 261, 789, 328, 57, 622, 420, 276, 534, 949, 993, 417, 817, 359, 208, 542, 867, 623, 331, 849, 550, 781, 445, 298, 960, 659, 500, 306, 855, 371, 751, 53, 799, 702, 1000, 675, 102, 297, 212, 679, 424, 937, 984, 673, 717, 805, 158, 332, 150, 568, 681, 691, 255, 870, 162, 784, 410, 827, 157, 148, 393, 357, 678, 941, 590, 405, 483, 584, 453, 316, 378, 391, 723, 430, 269, 575, 833, 551, 955, 718, 365, 193, 383, 125, 925, 107, 596, 680, 11, 739, 929, 574, 308, 491, 943, 992, 752, 900, 109, 427, 169, 626, 896, 705, 354, 209, 617, 192, 881, 713, 250, 694, 303, 277, 743, 779, 744, 423, 452, 722, 492, 841, 676, 266, 991, 926, 649, 290, 399, 637, 939, 628, 756, 334, 859, 749, 446, 709, 321, 247, 600, 309, 753, 610, 236, 640, 646, 689, 629, 411, 264, 21

