120
1 205 851
2 700 655
3 775 985
4 154 258
5 94 564
6 182 297
7 655 16
8 324 607
9 278 267
10 395 735
11 742 882
12 544 155
13 80 263
14 146 402
15 171 818
16 71 799
17 627 6
18 887 664
19 989 174
20 136 84
21 753 847
22 9 624
23 113 559
24 204 244
25 538 878
26 309 273
27 608 164
28 800 894
29 94 804
30 474 252
31 598 239
32 430 966
33 302 276
34 435 565
35 436 766
36 900 659
37 484 798
38 888 630
39 575 899
40 963 264
41 630 344
42 461 484
43 695 365
44 689 539
45 271 984
46 497 256
47 1 485
48 608 33
49 126 235
50 416 104
51 773 914
52 878 344
53 861 650
54 618 107
55 625 477
56 707 635
57 3 511
58 106 864
59 940 333
60 485 394
61 122 925
62 584 808
63 859 612
64 775 528
65 98 469
66 199 527
67 984 232
68 717 619
69 868 642
70 63 583
71 870 892
72 58 751
73 280 238
74 796 645
75 534 381
76 979 883
77 336 58
78 165 34
79 677 301
80 474 634
81 699 874
82 286 819
83 4 731
84 51 84
85 130 94
86 223 322
87 711 208
88 90 819
89 726 458
90 683 99
91 998 283
92 107 782
93 472 591
94 506 103
95 215 927
96 304 889
97 208 424
98 479 236
99 330 880
100 655 995
101 143 406
102 394 91
103 35 114
104 90 934
105 709 653
106 751 161
107 804 906
108 557 522
109 499 813
110 933 383
111 256 562
112 475 179
113 386 105
114 944 466
115 17 545
116 361 655
117 346 755
118 472 627
119 523 529
120 25 313
